Data Set Predicting: Spam
Using Features:
	WordFreqMake: {5.0, 6.0, 7.0, 8.0, 9.0, 10.0, 11.0, 12.0, 13.0, 14.0, 15.0, 17.0, 18.0, 19.0, 20.0}
	WordFreqAddress: {5.0, 6.0, 7.0, 8.0, 9.0, 10.0, 16.0}
	WordFreqAll: {4.0, 5.0, 6.0, 7.0, 8.0, 9.0, 10.0, 11.0, 12.0, 13.0, 15.0}
	WordFreq3D: {34.0, 36.0, 5.0, 6.0, 8.0, 9.0, 10.0, 12.0, 19.0, 30.0}
	WordFreqOur: {5.0, 6.0, 7.0, 8.0, 9.0, 10.0, 11.0, 12.0, 13.0, 14.0, 15.0, 16.0, 17.0, 18.0, 19.0}
	WordFreqOver: {5.0, 6.0, 7.0, 8.0, 9.0, 10.0, 11.0, 12.0, 13.0, 14.0, 15.0, 17.0}
	WordFreqRemove: {5.0, 6.0, 7.0, 8.0, 9.0, 10.0, 11.0, 12.0, 13.0, 15.0, 19.0, 23.0}
	WordFreqInternet: {32.0, 5.0, 6.0, 7.0, 8.0, 9.0, 10.0, 11.0, 12.0, 13.0, 14.0, 15.0, 16.0, 20.0}
	WordFreqOrder: {5.0, 6.0, 7.0, 8.0, 9.0, 10.0, 11.0, 12.0, 13.0, 14.0, 16.0, 17.0, 24.0}
	WordFreqMail: {5.0, 6.0, 7.0, 8.0, 9.0, 10.0, 11.0, 12.0, 13.0, 16.0}
	WordFreqReceive: {5.0, 6.0, 7.0, 8.0, 9.0, 10.0, 11.0, 12.0, 13.0, 15.0}
	WordFreqWill: {4.0, 5.0, 6.0, 7.0, 8.0, 9.0, 10.0, 11.0, 12.0, 13.0, 16.0}
	WordFreqPeople: {5.0, 6.0, 7.0, 8.0, 9.0, 10.0, 11.0, 12.0, 13.0, 14.0, 23.0}
	WordFreqReport: {5.0, 6.0, 7.0, 8.0, 9.0, 10.0, 11.0, 12.0, 14.0, 15.0, 16.0, 20.0, 21.0}
	WordFreqAddresses: {5.0, 6.0, 7.0, 8.0, 9.0, 10.0, 11.0, 12.0, 13.0, 14.0, 16.0, 22.0}
	WordFreqFree: {5.0, 6.0, 7.0, 8.0, 9.0, 10.0, 11.0, 12.0, 13.0, 14.0, 17.0, 25.0, 29.0}
	WordFreqBusiness: {5.0, 6.0, 7.0, 8.0, 9.0, 10.0, 11.0, 12.0, 13.0, 15.0, 16.0, 21.0}
	WordFreqEmail: {5.0, 6.0, 7.0, 8.0, 9.0, 10.0, 11.0, 12.0, 13.0, 14.0, 15.0, 19.0, 22.0}
	WordFreqYou: {4.0, 5.0, 6.0, 7.0, 8.0, 9.0, 10.0, 11.0, 12.0, 15.0}
	WordFreqCredit: {5.0, 6.0, 7.0, 8.0, 9.0, 40.0, 10.0, 12.0, 13.0, 14.0, 15.0, 11.0, 17.0}
	WordFreqYour: {4.0, 5.0, 6.0, 7.0, 8.0, 9.0, 10.0, 11.0, 12.0, 13.0, 14.0}
	WordFreqFont: {5.0, 6.0, 7.0, 8.0, 9.0, 10.0, 11.0, 12.0, 13.0, 14.0, 15.0, 17.0, 18.0, 20.0, 22.0}
	WordFreq0: {5.0, 6.0, 7.0, 8.0, 9.0, 10.0, 11.0, 12.0, 13.0, 14.0, 15.0, 16.0, 17.0, 18.0, 20.0}
	WordFreqMoney: {33.0, 5.0, 6.0, 7.0, 8.0, 9.0, 10.0, 12.0, 13.0, 14.0, 15.0, 18.0, 20.0, 25.0, 27.0}
	WordFreqHP: {5.0, 6.0, 7.0, 8.0, 9.0, 10.0, 11.0, 12.0, 13.0, 14.0, 15.0, 16.0, 17.0}
	WordFreqHPL: {5.0, 6.0, 7.0, 8.0, 9.0, 10.0, 11.0, 12.0, 13.0, 14.0, 15.0, 17.0, 21.0, 23.0}
	WordFreqGeorge: {5.0, 6.0, 7.0, 8.0, 9.0, 10.0, 11.0, 12.0, 15.0}
	WordFreq650: {5.0, 6.0, 7.0, 8.0, 9.0, 10.0, 11.0, 12.0, 13.0, 14.0, 16.0, 20.0, 22.0}
	WordFreqLab: {5.0, 6.0, 7.0, 8.0, 9.0, 10.0, 11.0, 12.0, 13.0, 14.0, 15.0, 17.0, 18.0, 20.0, 22.0, 24.0, 29.0}
	WordFreqLabs: {5.0, 6.0, 7.0, 8.0, 9.0, 10.0, 11.0, 12.0, 13.0, 14.0, 15.0, 18.0}
	WordFreqTelnet: {36.0, 5.0, 6.0, 7.0, 8.0, 9.0, 10.0, 11.0, 12.0, 13.0, 14.0, 15.0, 16.0, 17.0}
	WordFreq857: {5.0, 6.0, 7.0, 8.0, 9.0, 10.0, 11.0, 12.0, 13.0, 14.0, 16.0, 17.0, 18.0, 19.0}
	WordFreqData: {38.0, 5.0, 6.0, 7.0, 8.0, 9.0, 10.0, 11.0, 12.0, 13.0, 14.0, 15.0, 16.0, 18.0, 20.0}
	WordFreq415: {5.0, 6.0, 7.0, 8.0, 9.0, 10.0, 11.0, 12.0, 13.0, 14.0, 16.0, 17.0, 18.0, 19.0}
	WordFreq85: {5.0, 6.0, 7.0, 8.0, 9.0, 10.0, 11.0, 12.0, 13.0, 14.0, 42.0, 16.0}
	WordFreqTechnology: {5.0, 6.0, 7.0, 8.0, 9.0, 10.0, 11.0, 12.0, 13.0, 14.0, 15.0, 16.0, 17.0, 24.0}
	WordFreq1999: {5.0, 6.0, 7.0, 8.0, 9.0, 10.0, 11.0, 12.0, 13.0, 14.0, 15.0, 17.0, 21.0}
	WordFreqParts: {34.0, 5.0, 6.0, 7.0, 8.0, 9.0, 10.0, 11.0, 12.0, 43.0, 23.0}
	WordFreqPM: {5.0, 6.0, 7.0, 8.0, 9.0, 10.0, 11.0, 12.0, 13.0, 14.0, 15.0, 16.0, 21.0, 25.0, 27.0}
	WordFreqDirect: {5.0, 6.0, 7.0, 8.0, 9.0, 10.0, 11.0, 12.0, 13.0, 14.0, 15.0, 16.0, 17.0, 18.0}
	WordFreqCS: {5.0, 6.0, 7.0, 8.0, 9.0, 10.0, 11.0, 12.0, 13.0, 14.0, 17.0, 18.0, 19.0, 21.0, 25.0}
	WordFreqMeeting: {5.0, 6.0, 7.0, 8.0, 9.0, 10.0, 11.0, 12.0, 13.0, 14.0, 15.0, 16.0, 17.0, 19.0, 23.0}
	WordFreqOriginal: {5.0, 6.0, 7.0, 8.0, 9.0, 10.0, 11.0, 12.0, 13.0, 17.0, 18.0, 20.0, 21.0}
	WordFreqProject: {32.0, 5.0, 6.0, 7.0, 8.0, 9.0, 10.0, 11.0, 12.0, 13.0, 37.0, 15.0, 18.0, 21.0}
	WordFreqRE: {5.0, 6.0, 7.0, 8.0, 9.0, 10.0, 11.0, 12.0, 13.0, 14.0, 15.0, 19.0, 21.0, 24.0, 26.0}
	WordFreqEDU: {5.0, 6.0, 7.0, 8.0, 9.0, 10.0, 11.0, 12.0, 13.0, 14.0, 15.0, 16.0, 19.0, 22.0, 23.0, 29.0}
	WordFreqTable: {33.0, 5.0, 6.0, 7.0, 8.0, 9.0, 10.0, 11.0, 12.0, 13.0, 14.0, 15.0, 16.0, 17.0, 18.0, 26.0, 30.0}
	WordFreqConference: {34.0, 5.0, 6.0, 7.0, 8.0, 9.0, 10.0, 11.0, 40.0, 13.0, 14.0, 15.0, 12.0, 17.0, 18.0, 22.0}
	CharFreqSemicolon: {5.0, 6.0, 7.0, 8.0, 9.0, 10.0, 11.0, 17.0, 18.0, 21.0, 22.0, 23.0}
	CharFreqParentheses: {4.0, 5.0, 6.0, 7.0, 8.0, 9.0, 10.0, 11.0, 12.0, 13.0, 15.0, 20.0, 24.0}
	CharFreqBracket: {5.0, 6.0, 7.0, 8.0, 9.0, 10.0, 11.0, 42.0, 15.0, 16.0, 18.0, 20.0, 30.0}
	CharFreqExcalamationMark: {5.0, 6.0, 7.0, 8.0, 9.0, 10.0, 11.0, 12.0, 13.0, 14.0, 15.0, 16.0, 44.0, 28.0}
	CharFreqDollarSign: {5.0, 6.0, 7.0, 8.0, 9.0, 10.0, 11.0, 13.0, 14.0, 17.0, 18.0, 21.0, 26.0, 29.0}
	CharFreqPound: {35.0, 5.0, 6.0, 7.0, 8.0, 9.0, 10.0, 13.0, 14.0, 51.0, 21.0, 22.0}
	CapitalRunLengthAverage: {5.0, 6.0, 7.0, 8.0, 40.0, 10.0, 9.0, 13.0, 14.0, 15.0, 19.0, 23.0, 26.0}
	CapitalRunLengthLongest: {5.0, 6.0, 7.0, 8.0, 9.0, 10.0, 11.0, 12.0, 16.0}
	CapitalRunLengthTotal: {5.0, 6.0, 7.0, 8.0, 9.0, 10.0, 11.0, 13.0, 20.0, 31.0}

model: [['WordFreqAll_4.0_neg', 'WordFreq0_7.0'], ['CapitalRunLengthTotal_5.0_neg', 'WordFreqYou_6.0'], ['WordFreqEmail_5.0', 'CharFreqExcalamationMark_5.0_neg', 'WordFreqFree_5.0_neg'], ['WordFreqRemove_5.0_neg', 'CharFreqBracket_6.0_neg'], ['CapitalRunLengthTotal_5.0_neg', 'WordFreqEmail_5.0_neg', 'WordFreqAll_4.0_neg'], ['CharFreqDollarSign_6.0', 'WordFreq0_5.0_neg', 'WordFreqReceive_5.0'], ['WordFreqAll_4.0_neg', 'WordFreqMoney_5.0_neg', 'CharFreqDollarSign_5.0_neg'], ['WordFreqYour_4.0_neg', 'WordFreqOver_5.0_neg', 'WordFreqBusiness_5.0_neg'], ['WordFreqYour_6.0', 'WordFreqMoney_5.0_neg', 'WordFreqRE_6.0_neg'], ['WordFreqLab_5.0', 'WordFreq0_5.0_neg'], ['WordFreqMoney_5.0_neg', 'WordFreqOrder_5.0_neg', 'WordFreqYour_8.0_neg']]

Training Accuracy: (0.84375, 'TP: 931 TN: 2174 FP: 32 FN: 543')

Testing Accuracy: (0.8621064060803475, 'TP: 222 TN: 572 FP: 10 FN: 117')